0 0.1045673076923077 0.10576923076923077 0.19951923076923078 0.21153846153846154
0 0.40384615384615385 0.1201923076923077 0.25 0.18509615384615385
0 0.7103365384615384 0.11057692307692307 0.3076923076923077 0.17307692307692307
0 0.9423076923076923 0.125 0.11538461538461539 0.1875
0 0.07932692307692307 0.3293269230769231 0.15625 0.17548076923076922
0 0.29447115384615385 0.33413461538461536 0.19230769230769232 0.1778846153846154
0 0.5348557692307693 0.3473557692307692 0.1875 0.19951923076923078
0 0.7644230769230769 0.34615384615384615 0.1971153846153846 0.20192307692307693
0 0.9447115384615384 0.3425480769230769 0.11057692307692307 0.17067307692307693
0 0.08774038461538461 0.5745192307692307 0.17548076923076922 0.18269230769230768
0 0.2920673076923077 0.5733173076923077 0.23076923076923078 0.22596153846153846
0 0.5120192307692307 0.5769230769230769 0.2091346153846154 0.1875
0 0.7536057692307693 0.5829326923076923 0.2283653846153846 0.20432692307692307
0 0.9495192307692307 0.5949519230769231 0.10096153846153846 0.21153846153846154
0 0.9483173076923077 0.8689903846153846 0.09615384615384616 0.24278846153846154
0 0.7716346153846154 0.84375 0.1971153846153846 0.2403846153846154
0 0.5456730769230769 0.8461538461538461 0.2091346153846154 0.24519230769230768
0 0.3076923076923077 0.8461538461538461 0.2548076923076923 0.21394230769230768
0 0.08413461538461539 0.8473557692307693 0.16826923076923078 0.2283653846153846