0 0.24278846153846154 0.6346153846153846 0.4855769230769231 0.47596153846153844
0 0.6983173076923077 0.7439903846153846 0.5264423076923077 0.4567307692307692
0 0.22956730769230768 0.10576923076923077 0.2403846153846154 0.21153846153846154
0 0.19831730769230768 0.2439903846153846 0.25721153846153844 0.20192307692307693
0 0.1778846153846154 0.3605769230769231 0.27884615384615385 0.22355769230769232
0 0.3954326923076923 0.40384615384615385 0.2644230769230769 0.21875
0 0.42908653846153844 0.2644230769230769 0.27403846153846156 0.21394230769230768
0 0.7055288461538461 0.21754807692307693 0.28846153846153844 0.23076923076923078
0 0.6622596153846154 0.35216346153846156 0.29086538461538464 0.21394230769230768
0 0.6394230769230769 0.4639423076923077 0.25961538461538464 0.22355769230769232
0 0.8569711538461539 0.5084134615384616 0.28365384615384615 0.23076923076923078
0 0.8822115384615384 0.36538461538461536 0.23557692307692307 0.23076923076923078