0 0.11057692307692307 0.10336538461538461 0.20192307692307693 0.20673076923076922
0 0.4098557692307692 0.11778846153846154 0.25240384615384615 0.18990384615384615
0 0.7163461538461539 0.1141826923076923 0.31009615384615385 0.1778846153846154
0 0.9447115384615384 0.13341346153846154 0.11057692307692307 0.18990384615384615
0 0.0829326923076923 0.32211538461538464 0.15865384615384615 0.1778846153846154
0 0.2980769230769231 0.33052884615384615 0.19471153846153846 0.18269230769230768
0 0.5372596153846154 0.3485576923076923 0.18990384615384615 0.20192307692307693
0 0.7668269230769231 0.35096153846153844 0.19951923076923078 0.20432692307692307
0 0.9459134615384616 0.35096153846153844 0.10817307692307693 0.17307692307692307
0 0.08774038461538461 0.5673076923076923 0.17548076923076922 0.1875
0 0.29086538461538464 0.5697115384615384 0.23317307692307693 0.2283653846153846
0 0.5108173076923077 0.5769230769230769 0.21394230769230768 0.18990384615384615
0 0.7524038461538461 0.5865384615384616 0.23076923076923078 0.2091346153846154
0 0.9471153846153846 0.6021634615384616 0.10576923076923077 0.21394230769230768
0 0.9411057692307693 0.8762019230769231 0.0985576923076923 0.24278846153846154
0 0.765625 0.8485576923076923 0.19951923076923078 0.24519230769230768
0 0.5396634615384616 0.8461538461538461 0.21394230769230768 0.25
0 0.3016826923076923 0.8425480769230769 0.25721153846153844 0.21875
0 0.08173076923076923 0.8413461538461539 0.16346153846153846 0.23076923076923078