0 0.24278846153846154 0.5204326923076923 0.4855769230769231 0.5745192307692307
0 0.5901442307692307 0.7596153846153846 0.5841346153846154 0.4807692307692308
0 0.3954326923076923 0.08052884615384616 0.2668269230769231 0.16105769230769232
0 0.3161057692307692 0.1502403846153846 0.2764423076923077 0.25721153846153844
0 0.2536057692307692 0.25 0.3004807692307692 0.28125
0 0.4387019230769231 0.3713942307692308 0.28846153846153844 0.27403846153846156
0 0.5228365384615384 0.2548076923076923 0.2932692307692308 0.27403846153846156
0 0.796875 0.3161057692307692 0.3125 0.2932692307692308
0 0.7055288461538461 0.42427884615384615 0.30528846153846156 0.27884615384615385
0 0.6418269230769231 0.5192307692307693 0.2860576923076923 0.27403846153846156
0 0.828125 0.6418269230769231 0.3076923076923077 0.29086538461538464
0 0.8870192307692307 0.5264423076923077 0.22596153846153846 0.28365384615384615