0 0.20192307692307693 0.7608173076923077 0.3942307692307692 0.47836538461538464
0 0.5420673076923077 0.7175480769230769 0.4326923076923077 0.5288461538461539
0 0.8389423076923077 0.6454326923076923 0.32211538461538464 0.5360576923076923
0 0.11298076923076923 0.4098557692307692 0.22596153846153846 0.34375
0 0.3293269230769231 0.3557692307692308 0.30288461538461536 0.34615384615384615
0 0.5913461538461539 0.30528846153846156 0.3269230769230769 0.3485576923076923
0 0.8461538461538461 0.24278846153846154 0.2692307692307692 0.31490384615384615
0 0.028846153846153848 0.18629807692307693 0.057692307692307696 0.19471153846153846
0 0.12259615384615384 0.15865384615384615 0.19471153846153846 0.20432692307692307
0 0.27884615384615385 0.12860576923076922 0.18269230769230768 0.20673076923076922
0 0.43028846153846156 0.10216346153846154 0.17307692307692307 0.20432692307692307
0 0.5805288461538461 0.08653846153846154 0.18509615384615385 0.17307692307692307
0 0.7127403846153846 0.06971153846153846 0.1658653846153846 0.13942307692307693
0 0.84375 0.051682692307692304 0.15384615384615385 0.10336538461538461