0 0.35336538461538464 0.07451923076923077 0.2932692307692308 0.14903846153846154
0 0.5625 0.12980769230769232 0.2980769230769231 0.25961538461538464
0 0.78125 0.23557692307692307 0.31490384615384615 0.3004807692307692
0 0.9170673076923077 0.3449519230769231 0.1658653846153846 0.2956730769230769
0 0.234375 0.20793269230769232 0.30288461538461536 0.28846153846153844
0 0.453125 0.3293269230769231 0.3317307692307692 0.32211538461538464
0 0.6670673076923077 0.44471153846153844 0.30528846153846156 0.2956730769230769
0 0.8629807692307693 0.5492788461538461 0.27403846153846156 0.29086538461538464
0 0.13822115384615385 0.4182692307692308 0.2764423076923077 0.28365384615384615
0 0.3485576923076923 0.5372596153846154 0.31009615384615385 0.30528846153846156
0 0.5576923076923077 0.6622596153846154 0.34134615384615385 0.33413461538461536
0 0.7620192307692307 0.7896634615384616 0.31490384615384615 0.32211538461538464
0 0.08774038461538461 0.6358173076923077 0.17548076923076922 0.2956730769230769
0 0.21754807692307693 0.7524038461538461 0.32211538461538464 0.28365384615384615
0 0.453125 0.8677884615384616 0.33413461538461536 0.2644230769230769