0 0.24278846153846154 0.5324519230769231 0.4855769230769231 0.5697115384615384
0 0.6009615384615384 0.7596153846153846 0.5817307692307693 0.4807692307692308
0 0.38100961538461536 0.08173076923076923 0.2668269230769231 0.16346153846153846
0 0.30408653846153844 0.15625 0.2764423076923077 0.2548076923076923
0 0.24519230769230768 0.25841346153846156 0.3004807692307692 0.27884615384615385
0 0.4338942307692308 0.3737980769230769 0.2860576923076923 0.2692307692307692
0 0.5132211538461539 0.2536057692307692 0.2932692307692308 0.2692307692307692
0 0.7896634615384616 0.30528846153846156 0.3125 0.28846153846153844
0 0.703125 0.4170673076923077 0.30528846153846156 0.27403846153846156
0 0.6430288461538461 0.5144230769230769 0.28365384615384615 0.27163461538461536
0 0.8329326923076923 0.6298076923076923 0.3076923076923077 0.2860576923076923
0 0.8870192307692307 0.5108173076923077 0.22596153846153846 0.28125