0 0.4074519230769231 0.07091346153846154 0.3004807692307692 0.14182692307692307
0 0.6021634615384616 0.13701923076923078 0.30528846153846156 0.27403846153846156
0 0.8076923076923077 0.2668269230769231 0.31971153846153844 0.3125
0 0.9230769230769231 0.39663461538461536 0.15384615384615385 0.30288461538461536
0 0.265625 0.18269230769230768 0.3076923076923077 0.2980769230769231
0 0.47115384615384615 0.32572115384615385 0.3389423076923077 0.3317307692307692
0 0.671875 0.46153846153846156 0.31009615384615385 0.30288461538461536
0 0.8581730769230769 0.5901442307692307 0.28365384615384615 0.3004807692307692
0 0.14783653846153846 0.38221153846153844 0.28846153846153844 0.28846153846153844
0 0.34615384615384615 0.5216346153846154 0.3173076923076923 0.31490384615384615
0 0.5396634615384616 0.6670673076923077 0.3485576923076923 0.34375
0 0.7295673076923077 0.8149038461538461 0.3245192307692308 0.3293269230769231
0 0.0829326923076923 0.5829326923076923 0.1658653846153846 0.31009615384615385
0 0.19230769230769232 0.7211538461538461 0.3245192307692308 0.2980769230769231
0 0.41346153846153844 0.859375 0.3317307692307692 0.28125