0 0.15504807692307693 0.0889423076923077 0.22355769230769232 0.1778846153846154
0 0.45072115384615385 0.11057692307692307 0.2692307692307692 0.21394230769230768
0 0.7560096153846154 0.13942307692307693 0.3245192307692308 0.20673076923076922
0 0.9579326923076923 0.18389423076923078 0.08413461538461539 0.19951923076923078
0 0.10336538461538461 0.27884615384615385 0.17548076923076922 0.19230769230769232
0 0.3161057692307692 0.31009615384615385 0.21153846153846154 0.19951923076923078
0 0.5528846153846154 0.35336538461538464 0.2091346153846154 0.21875
0 0.78125 0.3798076923076923 0.21875 0.22355769230769232
0 0.9483173076923077 0.39903846153846156 0.10336538461538461 0.18269230769230768
0 0.09014423076923077 0.5240384615384616 0.18028846153846154 0.20192307692307693
0 0.2848557692307692 0.546875 0.2548076923076923 0.25
0 0.5024038461538461 0.578125 0.23076923076923078 0.21153846153846154
0 0.7415865384615384 0.6129807692307693 0.25 0.23076923076923078
0 0.9338942307692307 0.6478365384615384 0.125 0.22115384615384615
0 0.8990384615384616 0.8978365384615384 0.125 0.20432692307692307
0 0.7271634615384616 0.8713942307692307 0.22355769230769232 0.25721153846153844
0 0.5036057692307693 0.8485576923076923 0.23798076923076922 0.2692307692307692
0 0.2668269230769231 0.8209134615384616 0.2764423076923077 0.24278846153846154
0 0.07091346153846154 0.7944711538461539 0.14182692307692307 0.24759615384615385