0 0.19230769230769232 0.7572115384615384 0.3798076923076923 0.4855769230769231
0 0.5348557692307693 0.71875 0.4206730769230769 0.5216346153846154
0 0.8401442307692307 0.6610576923076923 0.31971153846153844 0.5288461538461539
0 0.11298076923076923 0.39663461538461536 0.22596153846153846 0.33653846153846156
0 0.33413461538461536 0.34975961538461536 0.2932692307692308 0.34134615384615385
0 0.5985576923076923 0.3076923076923077 0.3173076923076923 0.34134615384615385
0 0.8545673076923077 0.25600961538461536 0.2620192307692308 0.31009615384615385
0 0.03365384615384615 0.16947115384615385 0.0673076923076923 0.18990384615384615
0 0.1346153846153846 0.14543269230769232 0.18990384615384615 0.20192307692307693
0 0.2920673076923077 0.1201923076923077 0.1778846153846154 0.20432692307692307
0 0.44471153846153844 0.10096153846153846 0.16826923076923078 0.20192307692307693
0 0.5949519230769231 0.08774038461538461 0.18028846153846154 0.17548076923076922
0 0.7283653846153846 0.07211538461538461 0.15865384615384615 0.14423076923076922
0 0.8605769230769231 0.057692307692307696 0.14903846153846154 0.11538461538461539