0 0.15745192307692307 0.6057692307692307 0.31490384615384615 0.5625
0 0.42788461538461536 0.7091346153846154 0.47115384615384615 0.5528846153846154
0 0.7584134615384616 0.7704326923076923 0.44471153846153844 0.45913461538461536
0 0.18509615384615385 0.21634615384615385 0.3076923076923077 0.3581730769230769
0 0.42427884615384615 0.28966346153846156 0.3269230769230769 0.3629807692307692
0 0.6766826923076923 0.3762019230769231 0.3485576923076923 0.36778846153846156
0 0.890625 0.45072115384615385 0.21875 0.3293269230769231
0 0.20793269230769232 0.03485576923076923 0.1658653846153846 0.06971153846153846
0 0.3425480769230769 0.06129807692307692 0.2091346153846154 0.12259615384615384
0 0.49278846153846156 0.08774038461538461 0.1971153846153846 0.17548076923076922
0 0.640625 0.11899038461538461 0.1875 0.22115384615384615
0 0.7872596153846154 0.1658653846153846 0.19951923076923078 0.22355769230769232
0 0.9134615384615384 0.20552884615384615 0.17307692307692307 0.21394230769230768
0 0.9807692307692307 0.2439903846153846 0.038461538461538464 0.20432692307692307