0 0.08533653846153846 0.2668269230769231 0.17067307692307693 0.27884615384615385
0 0.2620192307692308 0.19110576923076922 0.27884615384615385 0.2668269230769231
0 0.4987980769230769 0.125 0.2956730769230769 0.25
0 0.71875 0.08774038461538461 0.28365384615384615 0.17548076923076922
0 0.12379807692307693 0.4951923076923077 0.24759615384615385 0.2644230769230769
0 0.34375 0.4182692307692308 0.3125 0.2932692307692308
0 0.5733173076923077 0.3401442307692308 0.2860576923076923 0.2692307692307692
0 0.7956730769230769 0.25721153846153844 0.28846153846153844 0.2644230769230769
0 0.19471153846153846 0.7103365384615384 0.25961538461538464 0.2620192307692308
0 0.42427884615384615 0.6358173076923077 0.28846153846153844 0.28365384615384615
0 0.6574519230769231 0.5685096153846154 0.31971153846153844 0.30528846153846156
0 0.8725961538461539 0.5048076923076923 0.2548076923076923 0.30288461538461536
0 0.265625 0.9098557692307693 0.31971153846153844 0.18028846153846154
0 0.49038461538461536 0.8774038461538461 0.3125 0.24519230769230768
0 0.7451923076923077 0.7908653846153846 0.3269230769230769 0.24519230769230768